1111001101010101111011010000100101101011010010001100101111111110010010010
0111001100111111100100000001110110100100100010111100011010001010
1111011010000110100101111100101011010010010001100000010010101111011110001
010111100011010010100100111001010010101111100111001011101110010
00110101101011111111011011111110111111111101000010010110011111011
100111001111110111110110111010111111000010011010110101111111010101111011
10011001111001001101111111001111001100011011110000001101001110100000010000100
101111111110010011001011110011101111010110111110011110010011101010
001110010101100111101001001010111101010101001011011111011011101011111
0011100101101111100010111000110001001100001011111110010110100
0110011010101000111011111001111001000111111001110011110111011100011000001
0011110011101101010011100100111011001011010001100011111111100011011
110001011110010011011111110010110011000101000111011111000110101
11011100110110111000100100111101101001000010011100111001011101101111111
1100010010011101010111110010101101000011100101101111100011111
1011111011011101011111100001001010010000101111111100000000111111011
111011011101011111001001010100011010110101111111010101111011100110011
110010010111111111001001001010100011001011110011101111010110111110
01111001100001001101011011111110010001101011111110001000111111111001
1111011010001110000010011110010100110010110100011001100001011111000
1010111110010110011000101000111011111000110000010111110111010001
011111100011010011011011100011100100101011010000111001011011111000
10011110110100100000100111100101001100010110111001100110011010110101100001
0110011101010001100101111001110111101011011111001100101100
11110101010010011101101110101111100101011010000111001011011111000
110100110110111000111001100001001011100100010110011010011011111111011
10001000100011100101110110111111111000100111101010001101111010101100
1101001010010000111001011010100100110010011101011010000101011
01000110011000110111001100110011100101011110110100001000111011
1001100111001000111001011011111000111001011011111000111111011
11101101110101111100110000111011110001010111100010001110111001100111000001
0011110011111110001101110010001011100011110101011000101111100101011
0100001101001101111101110110111111111000100101111111110010011110100100
10101111010011010000111001011011111000100111011001001001011010
1111011100011100100110011010001110010111011100101000001001111001101111110111110
10000100110111111100101100100011011010011000101101000010010011
1111110010011100001001001110110011010110111111100111111010111000
1100101111001110111101011011111001100111100011110000010011101100110101
1011111110011111101011100011010110101111110010011110101010010111110
0110011110001111000001001110110011010110111111100111111010111000
010110111000110001101010011100111100011110000011100101110111001000110001
01001010111101111111110011000001001111001011010101100110000001001011100110011
0011000010111111110000100100011101110011011011111111100010010111111111001
001100101110111100110000100100111010110100010010111001001111011110001
11000110001011110010001010110100011100001000101101110011001100
11010110101111110010011110101010010111110011110010011011111010000100
1101001011010000101111000001010100110011001010111101101000011110101010
10100100001111010101010011101101000011101010001011110011100100
10100100001100101111100100101111010111101000001001111001011010101100
100111101001001000111001001001111101110001100010010001110111110111010001
0110011111101011100111000010011111101001000010001101011111110001
00010001111000010111100001110000001101000010011101011011111000100111
01100100101011100000000010101101000111000010011000001111011111000
11011111000110101101111111001111101110011001101000011010010100100
11000101111100010011101011011111000111001010111000000001100111011
11001000101011010001110000010011110011111110001101110010001101001010
01000011110111001000111001010110010001110111001101101111111110001100001
000100101111100101011010010000100111010100011000000110011001
0111100111011110101101111100111100100010101101000110011101010
0011100101011001111011111111101001101111111110111001001010111100100
100111101001001111001000010011101011101111010101010011100101011100000000
10011101011010001101001010111101111000101011110000101011010001100
010110111001100110011100101111101110010001101001011010000100101010
00111111010110000010001100000000101111001100110101111111110101011110011000001
00111100111111100011011100100001001011111001010110100001101001010
0100001111011100100011101010001100000011000101011010001100
110010111100111011110101101111100111100100111010100011100101011
0011000101000111011111000111010111001011110010000010001111000011011
11011111111101111111110001001100000011110100101001000110011110111001000
11110001111000001110010110111110001101000100101011000010011100101011
100100110001011010111111010010001111001001100101110111100100
10011101100111010111111001000110011011111111101010100011101110010011
110010011001011100110101011101101110101111100111010100011100101
10111110001101011011111101110010011001101001010010000100111010111011
1101010101001110010101110000000011000110111001100110011100101011
0010001101110010111000110100111101110001100010011000010111011100101111011
010001100101011010000110010111001101010111011011101011111001111000
1111000001110010110111110001001110110001010110100011000101
110111100010101100011000000000100011100101010100011001100110011100101
10111110001110010101110010011001100101110111100100100100101
101110001100010011111101011100001011011100110011001100111011011
110010011011111110010011010111101111111001111000111100000111001011011
11100011100101110111001000111111011111011011101011111100001001111011
111111100101101000011110011001101011001100001001001001011011100011000100
01011011100110011001011001111101110011100110000011011010011100101
00101011010000110100010001101111001101011000010011110001111000001011
11111110010011100101101111100011000110101001100110100111111100001011
11111111000101011010000111001010110011110100111010111101010001011
100001001100000100000000111001010110011110100111010111101010001011100001
001101001010010000111001010110011110100111010111101010001011100001
001001001011011100011000100111111010111000111101001101001101110010
0101001101000100101011000010011100101011000111011010011100101
10000011111010011101011110101000101110000100110100101001000011100101011
001111010011101011110101000101110000100100100101101110001100010011111
1010111000111101001101001101110010010100110100010010101100001001110
01010110001110110100111001011000001