******************************************************
*   PROGRAMMED BY : James Marcu
*   STUDENT ID    : 374443
*   CLASS         : CS1D
*   SECTION       : TTh 3:30 PM
*   ASSIGNMENT #10: Quick Sort
******************************************************

ORDERED -
Size(N)   Pivot Type     Time (ns)      Swaps     

3000      First          15600100       0         UNSORTED: 1, 2, 3, 4, 5, 6, 7, 8, 9, 10
                                                  SORTED  : 1, 2, 3, 4, 5, 6, 7, 8, 9, 10
3000      Middle         15600100       0         UNSORTED: 1, 2, 3, 4, 5, 6, 7, 8, 9, 10
                                                  SORTED  : 1, 2, 3, 4, 5, 6, 7, 8, 9, 10
3000      Random         31200200       0         UNSORTED: 1, 2, 3, 4, 5, 6, 7, 8, 9, 10
                                                  SORTED  : 1, 2, 3, 4, 5, 6, 7, 8, 9, 10
5000      First          62400400       0         UNSORTED: 1, 2, 3, 4, 5, 6, 7, 8, 9, 10
                                                  SORTED  : 1, 2, 3, 4, 5, 6, 7, 8, 9, 10
5000      Middle         62400400       0         UNSORTED: 1, 2, 3, 4, 5, 6, 7, 8, 9, 10
                                                  SORTED  : 1, 2, 3, 4, 5, 6, 7, 8, 9, 10
5000      Random         62400400       0         UNSORTED: 1, 2, 3, 4, 5, 6, 7, 8, 9, 10
                                                  SORTED  : 1, 2, 3, 4, 5, 6, 7, 8, 9, 10
10000     First          202801300      0         UNSORTED: 1, 2, 3, 4, 5, 6, 7, 8, 9, 10
                                                  SORTED  : 1, 2, 3, 4, 5, 6, 7, 8, 9, 10
10000     Middle         202801300      0         UNSORTED: 1, 2, 3, 4, 5, 6, 7, 8, 9, 10
                                                  SORTED  : 1, 2, 3, 4, 5, 6, 7, 8, 9, 10
10000     Random         202801300      0         UNSORTED: 1, 2, 3, 4, 5, 6, 7, 8, 9, 10
                                                  SORTED  : 1, 2, 3, 4, 5, 6, 7, 8, 9, 10
30000     First          388408900      0         UNSORTED: 1, 2, 3, 4, 5, 6, 7, 8, 9, 10
                                                  SORTED  : 1, 2, 3, 4, 5, 6, 7, 8, 9, 10
30000     Middle         388408900      0         UNSORTED: 1, 2, 3, 4, 5, 6, 7, 8, 9, 10
                                                  SORTED  : 1, 2, 3, 4, 5, 6, 7, 8, 9, 10
30000     Random         404009000      0         UNSORTED: 1, 2, 3, 4, 5, 6, 7, 8, 9, 10
                                                  SORTED  : 1, 2, 3, 4, 5, 6, 7, 8, 9, 10


REVERSE ORDERED -
Size(N)   Pivot Type     Time (ns)      Swaps     

3000      First          419609100      1500      UNSORTED: 3000, 2999, 2998, 2997, 2996, 2995, 2994, 2993, 2992, 2991
                                                  SORTED  : 1, 2, 3, 4, 5, 6, 7, 8, 9, 10
3000      Middle         419609100      1500      UNSORTED: 3000, 2999, 2998, 2997, 2996, 2995, 2994, 2993, 2992, 2991
                                                  SORTED  : 1, 2, 3, 4, 5, 6, 7, 8, 9, 10
3000      Random         419609100      1500      UNSORTED: 3000, 2999, 2998, 2997, 2996, 2995, 2994, 2993, 2992, 2991
                                                  SORTED  : 1, 2, 3, 4, 5, 6, 7, 8, 9, 10
5000      First          450809300      2500      UNSORTED: 5000, 4999, 4998, 4997, 4996, 4995, 4994, 4993, 4992, 4991
                                                  SORTED  : 1, 2, 3, 4, 5, 6, 7, 8, 9, 10
5000      Middle         450809300      2500      UNSORTED: 5000, 4999, 4998, 4997, 4996, 4995, 4994, 4993, 4992, 4991
                                                  SORTED  : 1, 2, 3, 4, 5, 6, 7, 8, 9, 10
5000      Random         450809300      2500      UNSORTED: 5000, 4999, 4998, 4997, 4996, 4995, 4994, 4993, 4992, 4991
                                                  SORTED  : 1, 2, 3, 4, 5, 6, 7, 8, 9, 10
10000     First          575610100      5000      UNSORTED: 10000, 9999, 9998, 9997, 9996, 9995, 9994, 9993, 9992, 9991
                                                  SORTED  : 1, 2, 3, 4, 5, 6, 7, 8, 9, 10
10000     Middle         591210200      5000      UNSORTED: 10000, 9999, 9998, 9997, 9996, 9995, 9994, 9993, 9992, 9991
                                                  SORTED  : 1, 2, 3, 4, 5, 6, 7, 8, 9, 10
10000     Random         591210200      5000      UNSORTED: 10000, 9999, 9998, 9997, 9996, 9995, 9994, 9993, 9992, 9991
                                                  SORTED  : 1, 2, 3, 4, 5, 6, 7, 8, 9, 10
30000     First          776817800      15000     UNSORTED: 30000, 29999, 29998, 29997, 29996, 29995, 29994, 29993, 29992, 29991
                                                  SORTED  : 1, 2, 3, 4, 5, 6, 7, 8, 9, 10
30000     Middle         776817800      15000     UNSORTED: 30000, 29999, 29998, 29997, 29996, 29995, 29994, 29993, 29992, 29991
                                                  SORTED  : 1, 2, 3, 4, 5, 6, 7, 8, 9, 10
30000     Random         792417900      15000     UNSORTED: 30000, 29999, 29998, 29997, 29996, 29995, 29994, 29993, 29992, 29991
                                                  SORTED  : 1, 2, 3, 4, 5, 6, 7, 8, 9, 10


RANDOM NUMBERS -
Size(N)   Pivot Type     Time (ns)      Swaps     

3000      First          792417900      13538     UNSORTED: 10160, 18009, 22545, 29380, 10313, 22353, 1265, 26088, 14878, 1310
                                                  SORTED  : 0, 6, 14, 23, 24, 27, 31, 35, 38, 43
3000      Middle         792417900      8980      UNSORTED: 10160, 18009, 22545, 29380, 10313, 22353, 1265, 26088, 14878, 1310
                                                  SORTED  : 0, 6, 14, 23, 24, 27, 31, 35, 38, 43
3000      Random         792417900      10364     UNSORTED: 10160, 18009, 22545, 29380, 10313, 22353, 1265, 26088, 14878, 1310
                                                  SORTED  : 0, 6, 14, 23, 24, 27, 31, 35, 38, 43
5000      First          808018000      24051     UNSORTED: 10160, 18009, 22545, 29380, 10313, 22353, 1265, 26088, 14878, 1310
                                                  SORTED  : 0, 4, 4, 6, 7, 14, 19, 23, 24, 25
5000      Middle         808018000      16455     UNSORTED: 10160, 18009, 22545, 29380, 10313, 22353, 1265, 26088, 14878, 1310
                                                  SORTED  : 0, 4, 4, 6, 7, 14, 19, 23, 24, 25
5000      Random         808018000      18984     UNSORTED: 10160, 18009, 22545, 29380, 10313, 22353, 1265, 26088, 14878, 1310
                                                  SORTED  : 0, 4, 4, 6, 7, 14, 19, 23, 24, 25
10000     First          808018000      53237     UNSORTED: 10160, 18009, 22545, 29380, 10313, 22353, 1265, 26088, 14878, 1310
                                                  SORTED  : 0, 4, 4, 5, 6, 7, 10, 11, 14, 16
10000     Middle         808018000      36668     UNSORTED: 10160, 18009, 22545, 29380, 10313, 22353, 1265, 26088, 14878, 1310
                                                  SORTED  : 0, 4, 4, 5, 6, 7, 10, 11, 14, 16
10000     Random         823618100      43450     UNSORTED: 10160, 18009, 22545, 29380, 10313, 22353, 1265, 26088, 14878, 1310
                                                  SORTED  : 0, 4, 4, 5, 6, 7, 10, 11, 14, 16
30000     First          839218200      175709    UNSORTED: 10160, 18009, 22545, 29380, 10313, 22353, 1265, 26088, 14878, 1310
                                                  SORTED  : 0, 0, 3, 4, 4, 4, 5, 6, 7, 7
30000     Middle         854818300      131830    UNSORTED: 10160, 18009, 22545, 29380, 10313, 22353, 1265, 26088, 14878, 1310
                                                  SORTED  : 0, 0, 3, 4, 4, 4, 5, 6, 7, 7
30000     Random         870418400      139588    UNSORTED: 10160, 18009, 22545, 29380, 10313, 22353, 1265, 26088, 14878, 1310
                                                  SORTED  : 0, 0, 3, 4, 4, 4, 5, 6, 7, 7

Using the left most pivot is a bad idea because ifthe array was already sorted 
(not uncommon) then you run in the worst case, which is O(n^2). The best case is 
O(logn) which is a substantial improvement. On average there was little 
difference between a random pivot or the middle pivot, but when there was the 
middle pivot came out just slightly better so I suppose thats the strategy I 
would prefer.